depth_min:-0.0142012
depth_max:0.00931092
depth_map_range:0.0284024
depth_midpoint:0.5
